<<<<<<< HEAD
4294967279,315
4294967293,131
4294967293,130
4294967293,129
4294967293,128
4294967293,127
4294967293,126
4294967293,125
4294967293,124
4294967293,123
4294967293,122
4294967293,121
4294967293,120
4294967293,119
4294967293,118
4294967293,117
4294967293,116
4294967293,115
4294967293,114
4294967293,113
4294967293,112
4294967293,111
4294967293,110
4294967293,109
4294967293,108
4294967293,107
4294967293,106
4294967293,105
4294967293,104
4294967293,103
4294967293,102
4294967293,101
4294967293,100
4294967293,99
4294967293,98
4294967293,97
4294967293,96
4294967293,95
4294967293,94
4294967293,93
4294967293,92
4294967293,91
4294967293,90
4294967293,89
4294967293,88
4294967293,87
4294967293,86
4294967293,85
4294967293,84
4294967293,83
4294967293,82
4294967293,81
4294967293,80
4294967293,79
4294967293,78
4294967293,77
4294967293,76
4294967293,75
4294967293,74
4294967293,73
4294967293,72
4294967293,71
4294967293,70
4294967293,69
4294967293,68
4294967293,67
4294967293,66
4294967293,65
4294967293,64
4294967293,63
4294967293,62
4294967293,61
4294967293,60
4294967293,59
4294967293,58
4294967293,57
4294967293,56
4294967293,55
4294967293,54
4294967293,53
4294967293,52
4294967293,51
4294967293,50
4294967293,49
4294967293,48
4294967293,47
4294967293,46
4294967293,45
4294967293,44
4294967293,43
4294967293,42
4294967293,41
4294967293,40
4294967293,39
4294967293,38
4294967293,37
4294967293,36
4294967293,35
4294967293,34
4294967293,33
4294967293,32
4294967293,31
4294967293,30
4294967293,29
4294967293,28
4294967293,27
4294967293,26
4294967293,25
4294967293,24
4294967293,23
4294967293,22
4294967293,21
4294967293,20
4294967293,19
4294967293,18
4294967293,17
4294967293,16
4294967293,15
4294967293,14
4294967293,13
4294967293,12
4294967293,11
4294967293,10
4294967293,9
4294967293,8
4294967293,7
4294967293,6
4294967293,5
4294967293,4
4294967293,3
4294967293,2
4243767290,0
4243767289,0
4243767288,0
4243767287,0
4243767286,0
4243767285,0
4243767284,0
4243767283,0
4243767282,0
4243767281,0
4294967293,0
4294967279,294
4294967279,162
4294967279,163
4294967279,49
4294967279,164
4294967279,50
4294967279,295
4294967279,51
4294967279,52
4294967279,296
4294967279,165
4294967279,297
4294967279,298
4294967279,166
4294967279,53
4294967279,167
4294967279,168
4294967279,54
4294967279,169
4294967279,55
4294967279,56
4294967279,170
4294967279,57
4294967279,171
4294967279,172
4294967279,58
4294967279,59
4294967279,173
4294967279,60
4294967279,175
4294967279,61
4294967279,299
4294967279,176
4294967279,62
4294967279,300
4294967279,177
4294967279,63
4294967279,301
4294967279,178
4294967279,64
4294967279,179
4294967279,180
4294967279,65
4294967279,181
4294967279,66
4294967279,67
4294967279,182
4294967279,68
4294967279,183
4294967279,69
4294967279,302
4294967279,184
4294967279,70
4294967279,303
4294967279,185
4294967279,71
4294967279,186
4294967279,187
4294967279,72
4294967279,188
4294967279,73
4294967279,74
4294967279,189
4294967279,75
4294967279,304
4294967279,190
4294967279,76
4294967279,305
4294967279,191
4294967279,77
4294967279,306
4294967279,192
4294967279,78
4294967279,193
4294967279,194
4294967279,79
4294967279,195
4294967279,80
4294967279,81
4294967279,196
4294967279,82
4294967279,197
4294967279,307
4294967279,83
4294967279,198
4294967279,84
4294967279,199
4294967279,85
4294967279,309
4294967279,308
4294967279,86
4294967279,310
4294967279,200
4294967279,201
4294967279,202
4294967279,203
4294967279,87
4294967279,89
4294967279,90
4294967279,91
4294967279,311
4294967279,204
4294967279,205
4294967279,206
4294967279,207
4294967279,92
4294967279,93
4294967279,94
4294967279,95
4294967279,208
4294967279,209
4294967279,210
4294967279,312
4294967279,96
4294967279,97
4294967279,98
4294967279,211
4294967279,212
4294967279,313
4294967279,213
4294967279,99
4294967279,100
4294967279,101
4294967279,214
4294967279,216
4294967279,218
4294967279,220
4294967279,102
4294967279,215
4294967279,217
4294967279,222
4294967279,219
4294967279,103
4294967279,104
4294967279,221
4294967279,105
4294967279,224
4294967279,226
4294967279,106
4294967279,223
4294967279,228
4294967279,225
4294967279,230
4294967279,107
4294967279,227
4294967279,108
4294967279,232
4294967279,229
4294967279,109
4294967279,234
4294967279,231
4294967279,110
4294967279,238
4294967279,233
4294967279,111
4294967279,235
4294967279,236
4294967279,112
4294967279,237
4294967279,113
4294967279,114
4294967279,240
=======
4294967278,132
4294967278,131
4294967278,130
4294967278,129
4294967278,128
4294967278,127
4294967278,126
4294967278,125
4294967278,124
4294967278,123
4294967278,122
4294967278,121
4294967278,120
4294967278,119
4294967278,118
4294967278,117
4294967278,116
4294967278,115
4294967278,114
4294967278,113
4294967278,112
4294967278,111
4294967278,110
4294967278,109
4294967278,108
4294967278,107
4294967278,106
4294967278,105
4294967278,104
4294967278,103
4294967278,102
4294967278,101
4294967278,100
4294967278,99
4294967278,98
4294967278,97
4294967278,96
4294967278,95
4294967278,94
4294967278,93
4294967278,92
4294967278,91
4294967278,90
4294967278,89
4294967278,87
4294967278,86
4294967278,85
4294967278,84
4294967278,83
4294967278,82
4294967278,81
4294967278,80
4294967278,79
4294967278,78
4294967278,77
4294967278,76
4294967278,75
4294967278,74
4294967278,73
4294967278,72
4294967278,71
4294967278,70
4294967278,69
4294967278,68
4294967278,67
4294967278,66
4294967278,65
4294967278,64
4294967278,63
4294967278,62
4294967278,61
4294967278,60
4294967278,59
4294967278,58
4294967278,57
4294967278,56
4294967278,55
4294967278,54
4294967278,53
4294967278,52
4294967278,51
4294967278,50
4294967278,49
4294967278,48
4294967278,47
4294967278,46
4294967278,45
4294967278,44
4294967278,43
4294967278,42
4294967278,41
4294967278,40
4294967278,39
4294967278,38
4294967278,37
4294967278,36
4294967278,35
4294967278,34
4294967278,33
4294967278,32
4294967278,31
4294967278,30
4294967278,29
4294967278,28
4294967278,27
4294967278,26
4294967278,25
4294967278,24
4294967278,23
4294967278,22
4294967278,21
4294967278,20
4294967278,275
4294967278,18
4294967278,17
4294967278,16
4294967278,15
4294967278,14
4294967278,13
4294967278,12
4294967278,11
4294967278,10
4294967278,9
4294967278,8
4294967278,7
4294967278,6
4294967278,5
4294967278,174
4294967278,259
4294967278,4
4294967279,132
4294967279,131
4294967279,130
4294967279,129
4294967279,128
4294967279,127
4294967279,126
4294967279,125
4294967279,124
4294967279,123
4294967279,122
4294967279,121
4294967279,120
4294967279,119
4294967279,118
4294967279,117
4294967279,116
4294967279,115
4294967279,114
4294967279,113
4294967279,112
4294967279,111
4294967279,110
4294967279,109
4294967279,108
4294967279,107
4294967279,106
4294967279,105
4294967279,18
4294967279,17
4294967279,15
4294967279,14
4294967279,12
4294967279,11
4294967279,9
4294967279,8
4294967279,6
4294967279,5
4294967279,4
4294967294,423
4294967278,134
4294967294,69
4294967278,133
4294967294,68
4294967294,1412
4294967294,1411
4294967294,1410
4294967278,276
4294967294,445
4294967294,103
4294967294,66
4294967294,388
4294967294,166
4294967294,168
4294967294,161
4294967294,113
4294967294,42
4294967294,76
4294967294,36
4294967294,39
4294967294,115
4294967294,52
4294967294,112
4294967294,162
4294967294,92
4294967294,35
4294967294,441
4294967294,519
4294967294,442
4294967294,426
4294967294,428
4294967294,429
4294967294,535
4294967294,422
4294967278,284
4294967278,0
4294967278,19
4294967294,425
4294967294,431
4294967279,19
4294967294,1404
4294967279,493
4294967294,1403
4294967279,492
4294967294,1402
4294967294,1401
4294967279,491
4294967294,1400
4294967279,490
4294967294,1399
4294967294,1398
4294967279,489
4294967294,1397
4294967279,488
4294967294,1396
4294967294,1409
4294967279,487
4294967294,1395
4294967279,486
4294967294,1394
4294967294,1393
4294967294,0
4294967294,1408
4294967294,1151
4294967279,485
4294967294,1392
4294967279,484
4294967294,1391
4294967279,483
4294967294,1390
4294967294,1389
4294967279,482
4294967294,1388
4294967279,481
4294967294,1387
4294967294,1150
4294967294,1386
4294967279,480
4294967294,1385
4294967279,479
4294967294,1384
4294967279,478
4294967294,1383
4294967294,1382
4294967279,477
4294967294,1381
4294967279,476
4294967294,1380
4294967294,1379
4294967279,475
4294967294,1378
4294967279,474
4294967294,1377
4294967294,1376
4294967279,473
4294967294,1375
4294967279,472
4294967294,1374
4294967294,1149
4294967279,471
4294967294,1373
4294967294,1372
4294967279,470
4294967294,1371
4294967279,469
4294967294,1370
4294967294,1148
4294967279,468
4294967294,1369
4294967294,1368
4294967279,467
4294967294,1367
4294967279,466
4294967294,1366
4294967294,1365
4294967279,465
4294967294,1364
4294967279,464
4294967294,1363
4294967294,1362
4294967279,463
4294967294,1361
4294967279,462
4294967294,1360
4294967294,1359
4294967279,461
4294967294,1358
4294967294,1147
4294967279,460
4294967294,1357
4294967294,1146
4294967279,459
4294967294,1356
4294967294,1355
4294967279,458
4294967294,1354
4294967279,457
4294967294,1353
4294967279,456
4294967294,1352
4294967279,455
4294967294,1351
4294967294,1145
4294967294,1350
4294967279,454
4294967294,1349
4294967279,453
4294967294,1348
4294967279,452
4294967294,1347
4294967294,1346
4294967279,451
4294967294,1345
4294967279,450
4294967294,1344
4294967294,1144
4294967279,449
4294967294,1343
4294967294,1342
4294967279,448
4294967294,1341
4294967279,447
4294967294,1340
4294967294,1339
4294967279,446
4294967294,1338
4294967279,445
4294967294,1337
4294967279,444
4294967294,1336
4294967294,1335
4294967279,443
4294967294,1334
4294967294,1143
4294967279,442
4294967294,1333
4294967294,1332
4294967279,441
4294967294,1331
4294967279,440
4294967294,1330
4294967294,1142
4294967279,439
4294967294,1329
4294967294,1328
4294967279,438
4294967294,1327
4294967294,1141
4294967279,437
4294967294,1326
4294967294,1325
4294967279,436
4294967294,1324
4294967279,435
4294967294,1323
4294967279,434
4294967294,1322
4294967294,1321
4294967279,433
4294967294,1320
4294967279,432
4294967294,1319
4294967294,1318
4294967279,431
4294967294,1317
4294967294,1140
4294967279,430
4294967294,1316
4294967279,429
4294967294,1315
4294967294,1314
4294967279,428
>>>>>>> c5dd80d (再コミット)
